  2.18219e+00   7.74939e+02   7.07336e-09 
  4.42002e+00   7.94661e+02   3.67336e-09 
  6.71194e+00   8.13908e+02   2.54087e-09 
  9.05355e+00   8.31642e+02   1.97592e-09 
  1.14433e+01   8.48846e+02   1.63769e-09 
  1.38663e+01   8.60530e+02   1.41296e-09 
  1.63409e+01   8.78579e+02   1.25413e-09 
  1.88428e+01   8.88962e+02   1.13359e-09 
  2.13826e+01   9.01908e+02   1.04225e-09 
  2.39600e+01   9.15822e+02   9.69477e-10 
  2.65545e+01   9.21317e+02   9.10001e-10 
  2.91755e+01   9.31292e+02   8.59678e-10 
  3.18223e+01   9.39945e+02   8.19577e-10 
  3.44850e+01   9.45568e+02   7.84842e-10 
  3.71742e+01   9.55895e+02   7.54699e-10 
  3.98666e+01   9.55895e+02   7.29513e-10 
  4.25893e+01   9.67684e+02   7.06796e-10 
  4.53170e+01   9.68403e+02   6.88154e-10 
  4.80454e+01   9.69163e+02   6.69829e-10 
  5.07849e+01   9.72594e+02   6.54793e-10 
  5.35437e+01   9.81148e+02   6.40282e-10 
  5.63072e+01   9.81148e+02   6.29117e-10 
  5.90660e+01   9.79285e+02   6.18097e-10 
  6.18243e+01   9.79285e+02   6.07835e-10 
  6.45827e+01   9.79285e+02   5.98886e-10 
  6.73396e+01   9.79285e+02   5.89914e-10 
  7.00979e+01   9.79285e+02   5.82742e-10 
  7.28548e+01   9.79285e+02   5.75227e-10 
  7.56014e+01   9.75109e+02   5.68757e-10 
  7.83465e+01   9.75109e+02   5.62781e-10 
  8.10897e+01   9.73907e+02   5.56992e-10 
  8.38238e+01   9.71197e+02   5.51246e-10 
  8.65454e+01   9.66247e+02   5.46495e-10 
  8.92687e+01   9.67339e+02   5.41057e-10 
  9.19676e+01   9.58194e+02   5.36171e-10 
  9.46554e+01   9.53814e+02   5.31911e-10 
  9.73420e+01   9.53814e+02   5.26962e-10 
  1.00029e+02   9.53814e+02   5.22937e-10 
  1.02624e+02   9.20769e+02   5.18469e-10 
  1.05288e+02   9.45859e+02   5.13623e-10 
  1.07906e+02   9.29810e+02   5.09458e-10 
  1.10566e+02   9.44537e+02   5.05215e-10 
  1.13169e+02   9.24478e+02   5.00137e-10 
  1.15756e+02   9.18579e+02   4.96417e-10 
  1.18337e+02   9.15632e+02   4.92282e-10 
  1.20916e+02   9.14633e+02   4.88067e-10 
  1.23487e+02   9.13220e+02   4.82600e-10 
  1.26059e+02   9.13220e+02   4.78501e-10 
  1.28532e+02   8.78408e+02   4.73819e-10 
  1.31064e+02   8.98836e+02   4.69001e-10 
  1.33557e+02   8.85297e+02   4.64819e-10 
  1.36082e+02   8.94874e+02   4.60497e-10 
  1.38562e+02   8.80485e+02   4.55054e-10 
  1.41005e+02   8.67495e+02   4.50041e-10 
  1.43522e+02   8.98228e+02   4.43296e-10 
  1.45992e+02   8.76922e+02   4.40623e-10 
  1.48422e+02   8.62791e+02   4.35469e-10 
  1.50848e+02   8.61099e+02   4.30319e-10 
  1.53273e+02   8.61099e+02   4.25536e-10 
  1.55693e+02   8.57762e+02   4.21212e-10 
  1.58104e+02   8.54473e+02   4.16027e-10 
  1.60506e+02   8.52865e+02   4.10104e-10 
  1.62908e+02   8.52865e+02   4.05272e-10 
  1.65301e+02   8.49396e+02   3.99812e-10 
  1.67693e+02   8.49396e+02   3.95208e-10 
  1.70150e+02   8.73795e+02   3.89338e-10 
  1.72566e+02   8.56323e+02   3.85425e-10 
  1.74940e+02   8.43097e+02   3.79782e-10 
  1.77315e+02   8.41986e+02   3.75219e-10 
  1.79747e+02   8.65233e+02   3.69406e-10 
  1.82152e+02   8.52490e+02   3.65768e-10 
  1.84571e+02   8.58801e+02   3.60228e-10 
  1.86959e+02   8.47924e+02   3.55231e-10 
  1.89369e+02   8.57005e+02   3.49943e-10 
  1.91815e+02   8.69838e+02   3.45220e-10 
  1.94265e+02   8.69838e+02   3.41426e-10 
  1.96702e+02   8.69838e+02   3.34998e-10 
  1.99230e+02   8.97544e+02   3.32294e-10 
  2.01702e+02   8.77600e+02   3.27777e-10 
  2.04185e+02   8.81655e+02   3.23264e-10 
  2.06711e+02   8.96590e+02   3.19111e-10 
  2.09236e+02   8.96590e+02   3.14745e-10 
  2.11847e+02   9.28693e+02   3.10194e-10 
  2.14463e+02   9.28693e+02   3.06641e-10 
  2.17079e+02   9.28693e+02   3.02628e-10 
  2.19694e+02   9.28693e+02   2.98505e-10 
  2.22384e+02   9.54979e+02   2.94773e-10 
  2.25087e+02   9.59704e+02   2.91048e-10 
  2.27791e+02   9.59704e+02   2.87170e-10 
  2.30585e+02   9.94080e+02   2.83089e-10 
  2.33385e+02   9.94080e+02   2.79958e-10 
  2.36185e+02   9.94080e+02   2.76381e-10 
  2.39066e+02   1.02280e+03   2.73067e-10 
  2.41947e+02   1.02613e+03   2.68642e-10 
  2.44935e+02   1.06253e+03   2.65880e-10 
  2.47928e+02   1.06253e+03   2.63103e-10 
  2.51006e+02   1.09272e+03   2.59870e-10 
  2.54083e+02   1.09877e+03   2.55174e-10 
  2.57266e+02   1.13029e+03   2.53745e-10 
  2.60450e+02   1.13029e+03   2.50565e-10 
  2.63709e+02   1.15717e+03   2.47640e-10 
  2.66975e+02   1.15955e+03   2.44553e-10 
  2.70342e+02   1.19540e+03   2.41732e-10 
  2.73812e+02   1.23167e+03   2.39012e-10 
  2.77281e+02   1.23167e+03   2.36096e-10 
  2.80830e+02   1.26024e+03   2.33394e-10 
  2.84486e+02   1.29766e+03   2.30664e-10 
  2.88141e+02   1.29766e+03   2.27851e-10 
  2.91877e+02   1.32659e+03   2.25204e-10 
  2.95726e+02   1.36629e+03   2.22685e-10 
  2.99665e+02   1.39852e+03   2.20121e-10 
  3.03604e+02   1.39852e+03   2.17425e-10 
  3.07721e+02   1.46427e+03   2.14538e-10 
  3.11846e+02   1.46427e+03   2.12287e-10 
  3.16063e+02   1.49737e+03   2.09831e-10 
  3.20377e+02   1.53131e+03   2.07351e-10 
  3.24771e+02   1.56261e+03   2.04409e-10 
  3.29274e+02   1.59897e+03   2.02384e-10 
  3.33858e+02   1.62716e+03   1.99845e-10 
  3.38437e+02   1.63434e+03   1.96317e-10 
  3.43206e+02   1.69566e+03   1.94577e-10 
  3.48072e+02   1.73069e+03   1.92204e-10 
  3.53028e+02   1.75942e+03   1.90070e-10 
  3.58162e+02   1.82270e+03   1.87645e-10 
  3.63296e+02   1.82270e+03   1.85102e-10 
  3.68510e+02   1.85099e+03   1.82655e-10 
  3.73908e+02   1.91662e+03   1.80257e-10 
  3.79396e+02   1.94832e+03   1.77733e-10 
